kinematics:
  shoulder:
    x: 0
    y: 0
    z: 0.08916798665332609
    roll: -0
    pitch: 0
    yaw: -1.665378863317212e-05
  upper_arm:
    x: 0.0001852799321993536
    y: 0
    z: 0
    roll: 1.570955110865064
    pitch: 0
    yaw: 8.117663996566049e-06
  forearm:
    x: -0.4250950946172805
    y: 0
    z: 0
    roll: 3.139718190393555
    pitch: 3.140805015571867
    yaw: -3.141552201799053
  wrist_1:
    x: -0.3921045216492811
    y: 0.000704813988493053
    z: 0.1107038680280685
    roll: 3.135226078706592
    pitch: 3.140506435851334
    yaw: 3.141519176929274
  wrist_2:
    x: -3.190092641573085e-05
    y: -0.09490616939674472
    z: 5.000887247788259e-05
    roll: 1.570269397216268
    pitch: 0
    yaw: -3.737222229830577e-05
  wrist_3:
    x: 0.0001028963865942871
    y: 0.08276772896953112
    z: 4.09774595118853e-08
    roll: 1.57079682188471
    pitch: 3.141592653589793
    yaw: -3.141550718821979
  hash: calib_5429313553156543546